((("move" .
   [3 0 1 0])
  ("n_w" .
   [1 0 0])
  ("n_c" .
   [5 0 1])
  ("std" .
   [1 0 0])
  ("evil-mode-line" .
   [1 0 0 0 0 0 0 0 0 0 0 1 0 0])
  ("evil-mode" .
   [1 0 0 0 0 0 0 0 0])
  ("flymake-python-pyflakes" .
   [0 0 0 0 0 0 0 0 0 0 0 1 0 0 0 0 0 0 0 0 0 0 0])
  ("smartrep" .
   [0 0 0 1 0 0 0 0])
  ("global-git-gutter-mode" .
   [0 0 0 0 0 0 0 0 0 0 0 0 0 0 0 0 0 1 0 0 0 0])
  ("smartrep-define-key" .
   [0 0 0 0 0 1 0 0 0 0 0 0 0 0 0 0 0 0 0])
  ("require" .
   [0 0 0 8 0 0 0])
  ("scanf" .
   [1 0 0 0 0])
  ("string" .
   [1 0 0 0 0 0])
  ("triangle" .
   [0 0 0 1 0 0 0 0])
  ("kai_bun" .
   [0 0 0 1 0 0 0])
  ("join" .
   [3 0 0 1])
  ("shuffle" .
   [0 0 0 1 0 0 0])
  ("shuffleメソッドを使って解きました。" .
   [0 0 0 1 0 0 0 0 0 0 0 0 0 0 0 0 0 0 0 0 0])
  ("str" .
   [8 0 0])
  ("red" .
   [4 0 0])
  ("y_n?" .
   [0 0 0 1])
  ("sample" .
   [1 0 0 1 0 0])
  ("line" .
   [2 0 0 0])
  ("File" .
   [1 0 0 0])
  ("mokuteki" .
   [2 0 0 0 0 0 0 1])
  ("dousi" .
   [3 0 0 0 0])
  ("syugo" .
   [2 0 0 0 0])
  ("yomikomi" .
   [0 0 0 0 1 0 0 0])
  ("auto" .
   [0 0 1 0])
  ("main" .
   [3 0 0 0])
  ("include" .
   [0 0 2 12 0 0 0])
  ("while" .
   [0 0 0 2 0])
  ("using" .
   [0 0 7 0 0])
  ("namespace" .
   [0 0 8 0 0 0 0 0 0])
  ("return" .
   [0 0 12 1 0 0])
  ("BEGIN" .
   [0 0 5 1 1])
  ("chomp" .
   [0 0 2 6 2])
  ("width" .
   [0 0 18 2 0])
  ("distant" .
   [0 0 0 1 0 0 0])
  ("count" .
   [4 0 2 3 0])
  ("print" .
   [16 0 0 5 0])
  ("num" .
   [10 0 0])
  ("check" .
   [0 0 0 2 1])
  ("sum" .
   [6 0 1])
  ("to_i" .
   [1 0 0 0])
  ("root" .
   [3 0 0 0])
  ("when" .
   [0 0 0 1])
  ("order" .
   [1 0 0 0 0])
  ("file" .
   [1 0 0 0])
  ("get" .
   [7 0 0])
  ("to_s" .
   [10 0 0 0])
  ("kakikomi" .
   [1 0 0 0 0 0 0 0])
  ("s" .
   [1])
  ("text-align" .
   [0 0 0 0 0 0 0 0 1 0])
  ("center" .
   [0 0 0 1 0 0])
  ("title" .
   [4 0 14 3 0])
  ("author" .
   [0 0 7 4 1 0])
  ("publish_date" .
   [0 0 13 1 0 0 0 0 0 0 0 0])
  ("Array" .
   [0 0 0 0 3])
  ("Book" .
   [3 0 0 4])
  ("book" .
   [13 0 0 0])
  ("name" .
   [3 0 0 0])
  ("pass" .
   [3 0 0 0])
  ("hash" .
   [6 0 3 2])
  ("new" .
   [3 0 0])
  ("push" .
   [8 0 0 0])
  ("show" .
   [1 0 0 0])
  ("self" .
   [0 0 2 0])
  ("add_book" .
   [0 0 1 0 0 0 0 0])
  ("show_books" .
   [0 0 0 0 0 1 0 0 0 0])
  ("cout" .
   [1 0 0 0])
  ("endl" .
   [1 0 0 0])
  ("fact" .
   [1 0 2 0])
  ("git-gutter+" .
   [2 0 0 0 0 0 0 0 0 0 0])
  ("git-gutter-fringe+" .
   [0 0 0 0 0 0 0 0 0 0 0 0 0 0 0 1 0 0])
  ("test" .
   [0 0 1 1])
  ("python" .
   [1 0 0 0 0 0])
  ("pyflakes" .
   [0 0 1 0 0 0 0 0])
  ("python-mode" .
   [0 0 0 1 0 0 0 0 0 0 0])
  ("mode-line-color" .
   [1 0 0 0 0 0 0 0 0 0 0 0 0 0 0])
  ("r" .
   [1])
  ("magit" .
   [1 0 0 0 0])
  ("times" .
   [0 0 0 0 1])
  ("printf" .
   [0 0 0 1 0 0])
  ("bfs" .
   [12 0 3])
  ("shift" .
   [1 0 0 0 0])
  ("current" .
   [0 0 5 0 0 0 0])
  ("c_x" .
   [11 0 0])
  ("c_y" .
   [8 0 0])
  ("c" .
   [3])
  ("b_xy" .
   [6 0 8 1])
  ("next_x" .
   [7 0 0 0 0 1])
  ("next" .
   [0 0 8 1])
  ("n_x" .
   [5 0 0])
  ("maze_ary" .
   [0 0 8 2 1 1 1 0])
  ("n_y" .
   [4 0 1])
  ("next_y" .
   [6 0 0 0 0 0])
  ("break" .
   [0 0 0 3 0])
  ("w" .
   [1])
  ("map" .
   [3 0 0])
  ("maze" .
   [9 0 1 0])
  ("next_xy" .
   [2 0 0 0 0 0 0])
  ("over" .
   [2 0 1 0])
  ("last" .
   [4 0 5 0])
  ("b_x" .
   [3 0 0])
  ("b_y" .
   [3 0 0])
  ("catch" .
   [0 0 1 0 0])
  (":end" .
   [1 0 0 1])))
